-475.0 4220.0 -1407.0
-640.0 4037.0 -1255.0
-805.0 3745.0 -1432.0
-420.0 3982.0 -1322.0
-810.0 3862.0 -1407.0
-295.0 3892.0 -1365.0
-615.0 3962.0 -1345.0
-780.0 4092.0 -1207.0
-900.0 3932.0 -1480.0
-955.0 4002.0 -1207.0
-725.0 4037.0 -1345.0
-655.0 4057.0 -1345.0
-520.0 4087.0 -1322.0
-800.0 3942.0 -1397.0
-710.0 4245.0 -1202.0
-660.0 4190.0 -1485.0
-590.0 4130.0 -1480.0
-410.0 4165.0 -1412.0
-875.0 3997.0 -1490.0
-745.0 4200.0 -1217.0
-675.0 4082.0 -1555.0
-640.0 4092.0 -1460.0
-410.0 4097.0 -1270.0
-915.0 4032.0 -1290.0
-585.0 4150.0 -1192.0
-700.0 3952.0 -1465.0
-640.0 3997.0 -1397.0
-550.0 4037.0 -1180.0
-1035.0 3897.0 -1165.0
-625.0 3962.0 -1112.0
-695.0 3795.0 -1312.0
-690.0 3902.0 -1322.0
-465.0 4160.0 -1180.0
-900.0 4012.0 -1202.0
-400.0 4170.0 -1222.0
-760.0 3982.0 -1370.0
-650.0 4002.0 -1307.0
-555.0 4117.0 -1232.0
-750.0 4107.0 -1202.0
-295.0 4205.0 -1170.0
-670.0 4107.0 -1265.0
-590.0 4127.0 -1365.0
-365.0 4395.0 -1350.0
-725.0 4265.0 -1332.0
-230.0 4415.0 -1222.0
-450.0 4165.0 -1470.0
-560.0 4037.0 -1422.0
-430.0 4215.0 -1202.0
-840.0 4140.0 -1245.0
-600.0 4235.0 -1065.0
-565.0 4092.0 -1375.0
-640.0 4017.0 -1442.0
-405.0 4017.0 -1317.0
-820.0 3882.0 -1402.0
-755.0 3997.0 -1140.0
-705.0 3912.0 -1332.0
-745.0 3917.0 -1350.0
-680.0 3897.0 -1250.0
-840.0 3795.0 -1422.0
-905.0 3842.0 -1232.0
-590.0 3952.0 -1297.0
-610.0 3967.0 -1337.0
-870.0 4117.0 -1180.0
-810.0 3972.0 -1475.0
-1050.0 3947.0 -1432.0
-570.0 4007.0 -1337.0
-520.0 4027.0 -1375.0
-720.0 4107.0 -1260.0
-595.0 4155.0 -1507.0
-875.0 4007.0 -1502.0
-445.0 4180.0 -1475.0
-470.0 4160.0 -1450.0
-690.0 4037.0 -1322.0
-475.0 4092.0 -1427.0
-925.0 3977.0 -1465.0
-565.0 4042.0 -1345.0
-465.0 4072.0 -1407.0
-660.0 3977.0 -1412.0
-490.0 4082.0 -1480.0
-925.0 3942.0 -1527.0
-435.0 4002.0 -1485.0
-575.0 4002.0 -1407.0
-825.0 3837.0 -1285.0
-615.0 3877.0 -1337.0
-965.0 3800.0 -1460.0
-755.0 3902.0 -1275.0
-650.0 3997.0 -1302.0
-825.0 3902.0 -1460.0
-380.0 4032.0 -1465.0
-545.0 3852.0 -1600.0
-615.0 4027.0 -1317.0
-585.0 4082.0 -1260.0
-795.0 4012.0 -1470.0
-280.0 4112.0 -1407.0
-585.0 3997.0 -1512.0
-455.0 4225.0 -1250.0
-545.0 4165.0 -1322.0
-610.0 4240.0 -1555.0
-185.0 4300.0 -1522.0
-485.0 4122.0 -1632.0
-485.0 4295.0 -1355.0
