-1450.0 4682.0 -1337.0
-1320.0 4762.0 -1355.0
-1150.0 4990.0 -1270.0
-1350.0 5010.0 -1317.0
-1260.0 4915.0 -1297.0
-1330.0 4840.0 -1407.0
-1410.0 4805.0 -1390.0
-1375.0 4965.0 -1145.0
-1400.0 4687.0 -1390.0
-1360.0 4955.0 -1165.0
-1390.0 4742.0 -1375.0
-1425.0 4692.0 -1307.0
-1380.0 4467.0 -1485.0
-1440.0 4687.0 -1350.0
-1615.0 4385.0 -1460.0
-1540.0 4612.0 -1285.0
-1425.0 4365.0 -1260.0
-1025.0 4542.0 -1380.0
-1030.0 4067.0 -1727.0
-705.0 4052.0 -1880.0
-955.0 4062.0 -1822.0
-770.0 4445.0 -1775.0
-910.0 4785.0 -1475.0
-130.0 5045.0 -1255.0
-125.0 5065.0 -1075.0
410.0 5282.0 -992.0
605.0 5080.0 -1117.0
625.0 5142.0 -1155.0
95.0 4805.0 -1422.0
-55.0 4790.0 -1607.0
-520.0 4390.0 -1717.0
-540.0 4390.0 -1617.0
-150.0 4280.0 -1822.0
375.0 4622.0 -1580.0
1180.0 4717.0 -1140.0
1530.0 5060.0 -582.0
1965.0 5302.0 202.0
2025.0 5040.0 1045.0
2350.0 5020.0 1975.0
1800.0 4890.0 2840.0
1590.0 4472.0 3597.0
790.0 3872.0 4075.0
380.0 3715.0 4442.0
-480.0 3402.0 4575.0
-1115.0 2802.0 4460.0
-1415.0 2460.0 4495.0
-1445.0 2455.0 4517.0
-1885.0 2505.0 4317.0
-2145.0 2890.0 4285.0
-2000.0 3322.0 4260.0
-2110.0 3367.0 3997.0
-2295.0 3922.0 3822.0
-2445.0 4350.0 3015.0
-2275.0 5257.0 2300.0
-2280.0 5410.0 1542.0
-1865.0 5695.0 1050.0
-1240.0 5732.0 345.0
-615.0 5742.0 -262.0
440.0 5555.0 -687.0
1330.0 4935.0 -1117.0
1505.0 4517.0 -1270.0
1980.0 4210.0 -1175.0
2350.0 4687.0 -302.0
2895.0 4717.0 870.0
2805.0 4712.0 1947.0
2435.0 4487.0 2715.0
1560.0 4275.0 3460.0
885.0 3962.0 3950.0
170.0 3615.0 4422.0
-495.0 3372.0 4570.0
-985.0 2870.0 4647.0
-1340.0 2662.0 4590.0
-1830.0 2162.0 4370.0
-2110.0 1997.0 4380.0
-2440.0 1900.0 4245.0
-2275.0 1912.0 4080.0
-2335.0 2280.0 4227.0
-2205.0 2420.0 4112.0
-2485.0 2587.0 4002.0
-2700.0 3232.0 3892.0
-2675.0 3735.0 3497.0
-2915.0 4265.0 2805.0
-2830.0 4672.0 1780.0
-2655.0 5142.0 1022.0
-2260.0 4880.0 52.0
-2015.0 4910.0 -550.0
-1360.0 4790.0 -992.0
-925.0 4395.0 -1512.0
-305.0 4405.0 -1647.0
690.0 4502.0 -1517.0
1405.0 4487.0 -1375.0
2135.0 4532.0 -845.0
2600.0 5025.0 282.0
2575.0 4960.0 1255.0
2565.0 4820.0 2157.0
1785.0 4780.0 3220.0
880.0 4150.0 3792.0
-45.0 3790.0 4207.0
-400.0 3575.0 4390.0
-1175.0 3322.0 4402.0
-1575.0 2960.0 4412.0
-1890.0 2390.0 4180.0
-2325.0 2092.0 4092.0
-2600.0 2072.0 4007.0
-2820.0 2335.0 3797.0
-2980.0 2622.0 3645.0
-2945.0 3140.0 3597.0
-3200.0 3362.0 3067.0
-3320.0 4180.0 2730.0
-3355.0 4345.0 1595.0
-3060.0 4770.0 645.0
-2535.0 4800.0 -202.0
-1450.0 4692.0 -955.0
-1025.0 4507.0 -1470.0
330.0 4487.0 -1727.0
880.0 4320.0 -1665.0
1495.0 4467.0 -1197.0
1895.0 4567.0 -755.0
2250.0 5152.0 450.0
2285.0 5082.0 1622.0
2095.0 4890.0 2690.0
1670.0 4647.0 3560.0
975.0 4420.0 4045.0
5.0 4092.0 4412.0
-635.0 3610.0 4437.0
-1360.0 3332.0 4470.0
-1680.0 2697.0 4327.0
-2020.0 2360.0 4270.0
-2125.0 2157.0 4280.0
-2215.0 2097.0 4140.0
-2560.0 2207.0 4045.0
-2565.0 2547.0 3782.0
-3000.0 3135.0 3425.0
-2895.0 3695.0 2852.0
-3225.0 4042.0 2180.0
-3250.0 4552.0 1412.0
-2585.0 4940.0 650.0
-2125.0 4965.0 -307.0
-1365.0 5040.0 -875.0
-600.0 4890.0 -1265.0
-55.0 4572.0 -1555.0
540.0 4542.0 -1412.0
975.0 4835.0 -975.0
1685.0 5247.0 -250.0
2060.0 5217.0 440.0
2110.0 5387.0 1450.0
1815.0 5342.0 2425.0
1645.0 5097.0 3157.0
1095.0 5040.0 3865.0
165.0 4652.0 4475.0
-620.0 3862.0 4475.0
-1070.0 3487.0 4527.0
-1925.0 3177.0 4407.0
-2005.0 3145.0 4402.0
-2115.0 2847.0 4192.0
-2340.0 2757.0 4132.0
-2490.0 2535.0 3975.0
-2520.0 2657.0 3970.0
-2345.0 2865.0 4107.0
-2275.0 2817.0 3882.0
-2605.0 3382.0 3640.0
-2900.0 3952.0 3057.0
-2860.0 4285.0 2280.0
-3165.0 4527.0 1507.0
-2860.0 4855.0 845.0
-2575.0 4980.0 145.0
-1665.0 4935.0 -512.0
-1545.0 4707.0 -1035.0
-1460.0 4340.0 -1255.0
-1575.0 4165.0 -1442.0
-1625.0 3750.0 -1700.0
-1285.0 3765.0 -1827.0
-1160.0 4592.0 -1370.0
-680.0 5327.0 -545.0
-760.0 5962.0 467.0
-875.0 5962.0 1180.0
-770.0 6002.0 1775.0
-900.0 5952.0 2290.0
-355.0 5817.0 2820.0
-370.0 5312.0 3177.0
-315.0 4925.0 3817.0
-420.0 4300.0 4312.0
-1220.0 3540.0 4527.0
-1200.0 2525.0 4627.0
-1585.0 1665.0 4490.0
-1775.0 697.0 4075.0
-1865.0 27.0 3540.0
-2170.0 -355.0 3045.0
-2365.0 -1015.0 2290.0
-2070.0 -1190.0 1770.0
-2030.0 -1235.0 1390.0
-1890.0 -1185.0 1017.0
-1965.0 -1155.0 467.0
-1545.0 -1030.0 82.0
-1715.0 -1130.0 -272.0
-1720.0 -1015.0 -430.0
-1540.0 -832.0 -307.0
-1745.0 -1090.0 -145.0
-2075.0 -1135.0 460.0
-1835.0 -1050.0 1050.0
-2105.0 -1080.0 1780.0
-2340.0 -767.0 2442.0
-2250.0 -112.0 3162.0
-2445.0 630.0 3735.0
-2465.0 1327.0 4080.0
-2330.0 1880.0 4102.0
-2360.0 2822.0 4260.0
-2280.0 3872.0 4055.0
-2110.0 4815.0 3535.0
-1855.0 5440.0 2977.0
-1535.0 5655.0 2257.0
-1350.0 6050.0 1785.0
-1260.0 6040.0 992.0
-1390.0 5862.0 297.0
-1635.0 5430.0 -220.0
-1470.0 4965.0 -860.0
-1605.0 4440.0 -1227.0
-1510.0 4250.0 -1475.0
-1475.0 3630.0 -1817.0
-1120.0 3462.0 -1980.0
-1185.0 2995.0 -2127.0
-1410.0 2742.0 -2137.0
-1640.0 2310.0 -2247.0
-1690.0 2340.0 -2200.0
-1620.0 2557.0 -2042.0
-1505.0 2822.0 -2095.0
-1215.0 3120.0 -2080.0
-1155.0 3407.0 -2062.0
-1180.0 3785.0 -1870.0
-1100.0 4107.0 -1622.0
-1160.0 4290.0 -1560.0
-815.0 4335.0 -1627.0
-810.0 4667.0 -1442.0
-750.0 4775.0 -1245.0
-745.0 4752.0 -1327.0
-790.0 4617.0 -1422.0
-440.0 4385.0 -1612.0
-400.0 4452.0 -1517.0
-425.0 4547.0 -1527.0
-290.0 4647.0 -1407.0
-265.0 4597.0 -1470.0
-290.0 4482.0 -1532.0
-670.0 4517.0 -1402.0
-870.0 4677.0 -1290.0
-945.0 4647.0 -1192.0
-1185.0 4507.0 -1270.0
-730.0 4380.0 -1455.0
-740.0 3972.0 -1832.0
-650.0 3357.0 -2047.0
-215.0 2857.0 -2215.0
30.0 2092.0 -2357.0
130.0 1457.0 -2452.0
520.0 1367.0 -2400.0
855.0 1277.0 -2320.0
1185.0 1035.0 -2325.0
1370.0 892.0 -2100.0
1560.0 257.0 -2237.0
1360.0 -177.0 -1910.0
1200.0 -560.0 -1437.0
650.0 -1367.0 -1145.0
15.0 -1590.0 -492.0
-495.0 -1725.0 105.0
-1005.0 -1537.0 812.0
-1555.0 -1650.0 1337.0
-1460.0 -1422.0 1900.0
-1595.0 -1055.0 2610.0
-1580.0 -350.0 3250.0
-1760.0 207.0 3635.0
-1970.0 732.0 3902.0
-1885.0 1210.0 3960.0
-2150.0 1922.0 4180.0
-2215.0 2225.0 4150.0
-1960.0 2300.0 4180.0
-2195.0 2495.0 4212.0
-1895.0 2542.0 4317.0
-2050.0 2592.0 4290.0
-2145.0 2607.0 4175.0
-1925.0 2965.0 4302.0
-1710.0 3045.0 4185.0
-1955.0 3070.0 4102.0
-2130.0 3150.0 4207.0
-2305.0 3212.0 4370.0
-2235.0 2980.0 4322.0
-2315.0 2792.0 4160.0
-2470.0 2847.0 4285.0
-2150.0 2752.0 4265.0
-2065.0 2890.0 4250.0
-2345.0 2647.0 4155.0
-2500.0 2652.0 4185.0
-2245.0 2975.0 4302.0
-2175.0 2707.0 4185.0
-2195.0 2500.0 4175.0
-2255.0 2642.0 4202.0
-2075.0 2647.0 4150.0
-2225.0 2505.0 4022.0
-2340.0 2692.0 4012.0
-2145.0 2860.0 4165.0
-2300.0 2597.0 4060.0
-2445.0 2787.0 4132.0
-2175.0 2900.0 4232.0
-2240.0 2742.0 4192.0
-2385.0 2722.0 4160.0
-2145.0 2802.0 4175.0
-2195.0 2657.0 4002.0
-2265.0 3000.0 4122.0
-2160.0 3182.0 4202.0
-1915.0 3247.0 4132.0
-2020.0 3640.0 4180.0
-1805.0 3710.0 4060.0
-2105.0 3765.0 4040.0
-2170.0 3902.0 3975.0
-1985.0 3962.0 4022.0
-2105.0 4122.0 3992.0
-1825.0 4220.0 3917.0
-2115.0 4170.0 3850.0
-2155.0 4240.0 3807.0
-2230.0 4255.0 3655.0
-2160.0 4472.0 3692.0
-2010.0 4542.0 3640.0
-2305.0 4742.0 3512.0
-1970.0 5102.0 3097.0
-1895.0 5112.0 2957.0
-1490.0 5470.0 2840.0
-1645.0 5717.0 2080.0
-1255.0 5872.0 945.0
-1195.0 5630.0 -202.0
-565.0 5112.0 -1055.0
-60.0 4830.0 -1527.0
265.0 4567.0 -1747.0
700.0 4482.0 -1765.0
1020.0 4632.0 -1537.0
1530.0 4870.0 -1202.0
1730.0 4795.0 -970.0
1935.0 4805.0 -682.0
1890.0 4950.0 -435.0
2275.0 4920.0 -202.0
2310.0 5005.0 67.0
2530.0 4885.0 320.0
2700.0 4775.0 665.0
2870.0 4572.0 1002.0
3185.0 4395.0 1495.0
2895.0 4405.0 1975.0
2905.0 4340.0 2372.0
2760.0 4325.0 2537.0
2795.0 4320.0 2577.0
2870.0 4225.0 2530.0
2895.0 4447.0 2782.0
2875.0 4400.0 2925.0
2950.0 4270.0 3067.0
2885.0 4130.0 3210.0
2640.0 4062.0 3240.0
2520.0 4067.0 3320.0
2260.0 4027.0 3387.0
1900.0 4145.0 3572.0
1570.0 4180.0 3822.0
1125.0 4452.0 4022.0
670.0 4335.0 3975.0
265.0 4430.0 4017.0
60.0 4517.0 4065.0
40.0 4687.0 3912.0
15.0 4875.0 3940.0
-345.0 4697.0 3712.0
-700.0 4780.0 3587.0
-960.0 4965.0 3392.0
-1100.0 5112.0 3167.0
-1470.0 5292.0 2952.0
-1395.0 5372.0 2852.0
-1605.0 5292.0 3057.0
-1655.0 5257.0 3082.0
-1720.0 5162.0 3197.0
-1890.0 5005.0 3225.0
-1785.0 5192.0 3530.0
-1690.0 5177.0 3555.0
-1540.0 5070.0 3592.0
-1595.0 4860.0 3665.0
-1775.0 4780.0 3572.0
-2105.0 4562.0 3555.0
-1875.0 4742.0 3560.0
-1720.0 4737.0 3535.0
-1895.0 4562.0 3382.0
-1845.0 4737.0 3587.0
-1940.0 4890.0 3725.0
-1850.0 4815.0 3550.0
-2040.0 4875.0 3512.0
-1775.0 4980.0 3665.0
-1470.0 4820.0 3670.0
-1540.0 4687.0 3635.0
-1395.0 4810.0 3797.0
-1140.0 4692.0 3682.0
-1335.0 4612.0 3602.0
-1215.0 4722.0 3730.0
-1075.0 4855.0 3875.0
-1380.0 4805.0 3965.0
-1270.0 4925.0 4050.0
-1230.0 4727.0 3875.0
-1250.0 4747.0 3755.0
-1180.0 4880.0 3787.0
-1335.0 4632.0 3735.0
-1330.0 4790.0 3897.0
-1100.0 4687.0 3912.0
-1085.0 4657.0 3870.0
-1285.0 4597.0 4027.0
-1115.0 4405.0 4002.0
-1300.0 4300.0 3970.0
-1085.0 4452.0 4170.0
-830.0 4375.0 4212.0
-860.0 3927.0 4322.0
-715.0 3992.0 4507.0
-720.0 3595.0 4427.0
-965.0 3392.0 4495.0
-1165.0 3277.0 4537.0
-1365.0 3187.0 4302.0
-1870.0 3362.0 4232.0
-1900.0 3730.0 4107.0
-1985.0 3660.0 3855.0
-2450.0 3645.0 3717.0
-2765.0 3640.0 3607.0
-2665.0 3600.0 3512.0
-2925.0 3515.0 3402.0
-2875.0 3680.0 3507.0
-2865.0 3750.0 3397.0
-3030.0 3615.0 3402.0
-2725.0 3605.0 3535.0
-2810.0 3407.0 3445.0
-2835.0 3555.0 3512.0
-2760.0 3665.0 3582.0
-2815.0 3745.0 3372.0
-2835.0 4445.0 2940.0
-2850.0 4532.0 2070.0
-2680.0 5030.0 1637.0
-2780.0 5082.0 1217.0
-2900.0 4970.0 1035.0
-2740.0 5015.0 1140.0
-2870.0 4810.0 1040.0
-3085.0 4815.0 822.0
-2740.0 4945.0 425.0
-2210.0 5015.0 -120.0
-1940.0 4920.0 -597.0
-1140.0 5040.0 -907.0
-440.0 4925.0 -1255.0
-190.0 4657.0 -1432.0
55.0 4320.0 -1765.0
510.0 4145.0 -1885.0
855.0 4097.0 -1847.0
1010.0 4140.0 -1800.0
715.0 4355.0 -1685.0
140.0 4245.0 -1905.0
-575.0 4405.0 -1780.0
-1540.0 4477.0 -1280.0
-2220.0 4712.0 -740.0
-2805.0 4757.0 187.0
-3205.0 4592.0 1065.0
-2915.0 4697.0 1612.0
-3095.0 4512.0 1780.0
-3115.0 4537.0 2452.0
-3030.0 4355.0 2945.0
-2645.0 4245.0 3355.0
-2525.0 4032.0 3460.0
-2155.0 4112.0 3845.0
-1770.0 4260.0 4060.0
-1345.0 4150.0 4175.0
-1115.0 4235.0 4165.0
-715.0 4295.0 4337.0
-460.0 4310.0 4432.0
-175.0 4265.0 4337.0
15.0 4122.0 4402.0
380.0 4390.0 4465.0
705.0 4305.0 4455.0
990.0 4240.0 4337.0
1085.0 4092.0 4407.0
985.0 4290.0 4155.0
995.0 4365.0 3802.0
1175.0 4290.0 3907.0
1470.0 4330.0 3870.0
1660.0 4440.0 3735.0
1725.0 4762.0 3530.0
2095.0 4880.0 3487.0
1870.0 4692.0 3502.0
1780.0 4572.0 3530.0
1740.0 4592.0 3617.0
1820.0 4732.0 3435.0
1850.0 4677.0 3362.0
2040.0 4582.0 3530.0
2255.0 4472.0 3272.0
2195.0 4482.0 3035.0
2350.0 4512.0 3005.0
2155.0 4430.0 2992.0
2445.0 4425.0 3052.0
2785.0 4320.0 2800.0
2845.0 4145.0 2742.0
2915.0 4225.0 2610.0
2970.0 4077.0 2247.0
2915.0 4225.0 2070.0
2895.0 4305.0 1952.0
3185.0 4320.0 1852.0
3300.0 4390.0 1532.0
3495.0 4672.0 1460.0
3420.0 4492.0 1495.0
3400.0 4280.0 1585.0
3075.0 4537.0 1600.0
3215.0 4440.0 1375.0
3280.0 4830.0 1237.0
3180.0 4775.0 992.0
2975.0 4707.0 617.0
2845.0 4742.0 597.0
2975.0 4612.0 640.0
2885.0 4870.0 812.0
2855.0 4795.0 917.0
2730.0 4762.0 777.0
2585.0 5075.0 760.0
2530.0 5000.0 682.0
2885.0 4990.0 617.0
2800.0 4850.0 345.0
2680.0 4985.0 430.0
2895.0 5070.0 507.0
2750.0 4850.0 477.0
2695.0 4672.0 387.0
2865.0 4860.0 560.0
3095.0 4762.0 450.0
2935.0 4617.0 392.0
2885.0 4800.0 635.0
2735.0 4955.0 792.0
2820.0 4780.0 602.0
2585.0 4727.0 640.0
2745.0 4935.0 922.0
2870.0 4905.0 865.0
2890.0 4775.0 687.0
2685.0 4930.0 782.0
2885.0 5087.0 912.0
2995.0 4915.0 960.0
2680.0 4965.0 1027.0
2405.0 4895.0 950.0
2635.0 4940.0 912.0
2510.0 4762.0 707.0
2370.0 4940.0 702.0
2535.0 4980.0 807.0
2840.0 5025.0 887.0
2645.0 4965.0 835.0
2685.0 5207.0 712.0
2815.0 5087.0 520.0
2515.0 5035.0 450.0
2330.0 5082.0 535.0
2520.0 5080.0 602.0
2320.0 4940.0 582.0
2270.0 5102.0 717.0
2330.0 5157.0 592.0
2360.0 5000.0 267.0
2340.0 5172.0 140.0
2350.0 4930.0 -302.0
2040.0 4950.0 -520.0
1805.0 4930.0 -822.0
1735.0 4790.0 -1055.0
1515.0 4965.0 -1060.0
1405.0 4905.0 -1227.0
965.0 4747.0 -1390.0
605.0 4825.0 -1412.0
695.0 4955.0 -1380.0
330.0 4765.0 -1475.0
70.0 4920.0 -1512.0
105.0 4905.0 -1502.0
-120.0 4737.0 -1675.0
-410.0 4607.0 -1775.0
-325.0 4637.0 -1765.0
-595.0 4435.0 -1865.0
-745.0 4577.0 -1805.0
-850.0 4642.0 -1680.0
-825.0 4637.0 -1770.0
-915.0 4895.0 -1632.0
-800.0 4835.0 -1675.0
-965.0 4637.0 -1722.0
-1370.0 4752.0 -1560.0
-1265.0 4757.0 -1432.0
-1360.0 4612.0 -1460.0
-1470.0 4810.0 -1360.0
-1410.0 4910.0 -1245.0
-1405.0 4747.0 -1355.0
-1590.0 4572.0 -1407.0
-1515.0 4697.0 -1260.0
-1485.0 4395.0 -1397.0
-1630.0 4430.0 -1355.0
-1560.0 4532.0 -1270.0
-1405.0 4682.0 -1212.0
-1555.0 4795.0 -1217.0
-1300.0 4855.0 -1155.0
-1390.0 4692.0 -1337.0
-1460.0 4632.0 -1385.0
-1285.0 4780.0 -1345.0
-1435.0 4607.0 -1432.0
-1405.0 4845.0 -1275.0
-1245.0 4790.0 -1327.0
-1375.0 4737.0 -1385.0
-1475.0 5020.0 -1360.0
-1470.0 4870.0 -1427.0
-1745.0 4775.0 -1412.0
-1505.0 4960.0 -1280.0
-1360.0 4815.0 -1355.0
-1585.0 4657.0 -1432.0
-1255.0 4810.0 -1380.0
-1435.0 4547.0 -1522.0
-1425.0 4687.0 -1417.0
-1385.0 4707.0 -1397.0
-1560.0 4452.0 -1337.0
-1400.0 4582.0 -1165.0
-1390.0 4305.0 -1360.0
-1390.0 4527.0 -1290.0
-1435.0 4577.0 -1322.0
-1365.0 4552.0 -1360.0
-1245.0 4752.0 -1217.0
